# Name=pgaptmp_000017
# pos	aa	label	Other	Sec/SPI n	Sec/SPI h	Sec/SPI c	Sec/SPII n	Sec/SPII h	Sec/SPII cys	Tat/SPI n	Tat/SPI RR	Tat/SPI h	Tat/SPI c	Tat/SPII n	Tat/SPII RR	Tat/SPII h	Tat/SPII cys	Sec/SPIII P	Sec/SPIII cons.	Sec/SPIII h
1	M	N	0.024357	0.973955	0.000000	0.000000	0.001611	0.000000	0.000000	0.000009	0.000000	0.000000	0.000000	0.000000	0.000000	0.000000	0.000000	0.000000	0.000000	0.000000
2	S	N	0.024357	0.928894	0.045063	0.000000	0.001392	0.000219	0.000000	0.000008	0.000001	0.000000	0.000000	0.000000	0.000000	0.000000	0.000000	0.000000	0.000000	0.000000
3	E	N	0.024357	0.842014	0.131878	0.000068	0.001049	0.000561	0.000000	0.000008	0.000001	0.000000	0.000000	0.000000	0.000000	0.000000	0.000000	0.000000	0.000000	0.000000
4	I	N	0.024376	0.800982	0.172688	0.000274	0.000870	0.000738	0.000003	0.000007	0.000002	0.000000	0.000000	0.000000	0.000000	0.000000	0.000000	0.000000	0.000000	0.000000
5	I	N	0.024450	0.785155	0.188078	0.000642	0.000798	0.000801	0.000009	0.000008	0.000001	0.000000	0.000000	0.000000	0.000000	0.000000	0.000000	0.000000	0.000000	0.000000
6	R	N	0.024616	0.775339	0.197369	0.001009	0.000753	0.000826	0.000020	0.000007	0.000001	0.000000	0.000000	0.000000	0.000000	0.000000	0.000000	0.000000	0.000000	0.000000
7	F	N	0.024894	0.766534	0.205728	0.001195	0.000709	0.000841	0.000029	0.000007	0.000001	0.000000	0.000000	0.000000	0.000000	0.000000	0.000000	0.000000	0.000000	0.000000
8	S	N	0.025209	0.760754	0.210993	0.001428	0.000679	0.000846	0.000024	0.000007	0.000001	0.000001	0.000000	0.000000	0.000000	0.000000	0.000000	0.000000	0.000000	0.000000
9	L	N	0.025587	0.754373	0.216979	0.001470	0.000653	0.000842	0.000031	0.000007	0.000001	0.000001	0.000000	0.000000	0.000000	0.000000	0.000000	0.000000	0.000000	0.000000
10	C	N	0.025962	0.747818	0.223178	0.001488	0.000627	0.000837	0.000031	0.000007	0.000001	0.000001	0.000000	0.000000	0.000000	0.000000	0.000000	0.000000	0.000000	0.000000
11	K	N	0.026359	0.738649	0.232102	0.001368	0.000598	0.000823	0.000043	0.000006	0.000002	0.000001	0.000000	0.000000	0.000000	0.000000	0.000000	0.000000	0.000000	0.000000
12	S	N	0.026796	0.714346	0.256295	0.001082	0.000543	0.000843	0.000035	0.000006	0.000002	0.000002	0.000000	0.000000	0.000000	0.000000	0.000000	0.000000	0.000000	0.000000
13	K	N	0.027186	0.655176	0.315416	0.000779	0.000460	0.000876	0.000051	0.000004	0.000003	0.000002	0.000000	0.000000	0.000000	0.000000	0.000000	0.000000	0.000000	0.000000
14	V	H	0.027600	0.344927	0.625650	0.000428	0.000213	0.001088	0.000034	0.000004	0.000002	0.000003	0.000000	0.000000	0.000000	0.000000	0.000000	0.000000	0.000000	0.000000
15	I	H	0.027836	0.116302	0.854263	0.000245	0.000074	0.001206	0.000022	0.000003	0.000001	0.000005	0.000000	0.000000	0.000000	0.000000	0.000000	0.000000	0.000000	0.000000
16	H	H	0.027966	0.056802	0.913725	0.000176	0.000035	0.001231	0.000014	0.000002	0.000001	0.000006	0.000000	0.000000	0.000000	0.000000	0.000000	0.000000	0.000000	0.000000
17	Y	H	0.028076	0.014531	0.955977	0.000102	0.000010	0.001241	0.000014	0.000002	0.000001	0.000007	0.000000	0.000000	0.000000	0.000000	0.000000	0.000000	0.000000	0.000000
18	I	H	0.028144	0.003587	0.966892	0.000076	0.000003	0.001234	0.000014	0.000001	0.000000	0.000007	0.000000	0.000000	0.000000	0.000000	0.000000	0.000000	0.000000	0.000000
19	F	H	0.028196	0.001047	0.969389	0.000081	0.000001	0.001217	0.000020	0.000001	0.000000	0.000008	0.000000	0.000000	0.000000	0.000000	0.000000	0.000000	0.000000	0.000000
20	G	H	0.028255	0.000331	0.970047	0.000103	0.000000	0.001194	0.000023	0.000001	0.000000	0.000008	0.000000	0.000000	0.000000	0.000000	0.000000	0.000000	0.000000	0.000000
21	I	H	0.028332	0.000100	0.970217	0.000113	0.000000	0.001163	0.000031	0.000001	0.000000	0.000008	0.000000	0.000000	0.000000	0.000000	0.000000	0.000000	0.000000	0.000000
22	L	H	0.028421	0.000029	0.970195	0.000144	0.000000	0.001137	0.000027	0.000000	0.000000	0.000008	0.000000	0.000000	0.000000	0.000000	0.000000	0.000000	0.000000	0.000000
23	L	H	0.028501	0.000010	0.970025	0.000282	0.000000	0.001100	0.000037	0.000000	0.000000	0.000009	0.000000	0.000000	0.000000	0.000000	0.000000	0.000000	0.000000	0.000000
24	A	H	0.028621	0.000003	0.969684	0.000533	0.000000	0.001029	0.000072	0.000000	0.000000	0.000009	0.000000	0.000000	0.000000	0.000000	0.000000	0.000000	0.000000	0.000000
25	C	H	0.028808	0.000001	0.969115	0.000995	0.000000	0.000833	0.000196	0.000000	0.000000	0.000009	0.000000	0.000000	0.000000	0.000000	0.000000	0.000000	0.000000	0.000000
26	F	H	0.029139	0.000000	0.967748	0.002222	0.000000	0.000722	0.000111	0.000000	0.000000	0.000009	0.000000	0.000000	0.000000	0.000000	0.000000	0.000000	0.000000	0.000000
27	V	H	0.029385	0.000000	0.963137	0.006702	0.000000	0.000651	0.000071	0.000000	0.000000	0.000009	0.000000	0.000000	0.000000	0.000000	0.000000	0.000000	0.000000	0.000000
28	V	H	0.029598	0.000000	0.943687	0.026013	0.000000	0.000615	0.000036	0.000000	0.000000	0.000008	0.000001	0.000000	0.000000	0.000000	0.000000	0.000000	0.000000	0.000000
29	P	H	0.029734	0.000000	0.813056	0.156538	0.000000	0.000581	0.000034	0.000000	0.000000	0.000007	0.000002	0.000000	0.000000	0.000000	0.000000	0.000000	0.000000	0.000000
30	I	H	0.030119	0.000000	0.560269	0.408971	0.000000	0.000477	0.000105	0.000000	0.000000	0.000005	0.000004	0.000000	0.000000	0.000000	0.000000	0.000000	0.000000	0.000000
31	C	C	0.030641	0.000000	0.039527	0.929298	0.000000	0.000327	0.000150	0.000000	0.000000	0.000002	0.000007	0.000000	0.000000	0.000000	0.000000	0.000000	0.000000	0.000000
32	S	C	0.039017	0.000000	0.003202	0.957393	0.000000	0.000157	0.000169	0.000000	0.000000	0.000000	0.000008	0.000000	0.000000	0.000000	0.000000	0.000000	0.000000	0.000000
33	A	C	0.114471	0.000000	0.000177	0.885133	0.000000	0.000027	0.000131	0.000000	0.000000	0.000000	0.000007	0.000000	0.000000	0.000000	0.000000	0.000000	0.000000	0.000000
34	Q	O	0.945799	0.000000	0.000152	0.053964	0.000000	0.000005	0.000022	0.000000	0.000000	0.000000	0.000001	0.000000	0.000000	0.000000	0.000000	0.000000	0.000000	0.000000
35	P	O	0.971818	0.000000	0.000089	0.028030	0.000000	0.000001	0.000004	0.000000	0.000000	0.000000	0.000001	0.000000	0.000000	0.000000	0.000000	0.000000	0.000000	0.000000
36	P	O	0.984172	0.000000	0.000050	0.015724	0.000000	0.000000	0.000001	0.000000	0.000000	0.000000	0.000000	0.000000	0.000000	0.000000	0.000000	0.000000	0.000000	0.000000
37	Q	O	0.990805	0.000000	0.000027	0.009113	0.000000	0.000000	0.000000	0.000000	0.000000	0.000000	0.000000	0.000000	0.000000	0.000000	0.000000	0.000000	0.000000	0.000000
38	K	O	0.994600	0.000000	0.000014	0.005337	0.000000	0.000000	0.000000	0.000000	0.000000	0.000000	0.000000	0.000000	0.000000	0.000000	0.000000	0.000000	0.000000	0.000000
39	N	O	0.996937	0.000000	0.000008	0.003006	0.000000	0.000000	0.000000	0.000000	0.000000	0.000000	0.000000	0.000000	0.000000	0.000000	0.000000	0.000000	0.000000	0.000000
40	N	O	0.998190	0.000000	0.000005	0.001755	0.000000	0.000000	0.000000	0.000000	0.000000	0.000000	0.000000	0.000000	0.000000	0.000000	0.000000	0.000000	0.000000	0.000000
41	V	O	0.998861	0.000000	0.000003	0.001085	0.000000	0.000000	0.000000	0.000000	0.000000	0.000000	0.000000	0.000000	0.000000	0.000000	0.000000	0.000000	0.000000	0.000000
42	N	O	0.999264	0.000000	0.000002	0.000689	0.000000	0.000000	0.000000	0.000000	0.000000	0.000000	0.000000	0.000000	0.000000	0.000000	0.000000	0.000000	0.000000	0.000000
43	D	O	0.999517	0.000000	0.000001	0.000436	0.000000	0.000000	0.000000	0.000000	0.000000	0.000000	0.000000	0.000000	0.000000	0.000000	0.000000	0.000000	0.000000	0.000000
44	F	O	0.999689	0.000000	0.000001	0.000272	0.000000	0.000001	0.000000	0.000000	0.000000	0.000000	0.000000	0.000000	0.000000	0.000000	0.000000	0.000000	0.000000	0.000000
45	I	O	0.999788	0.000000	0.000000	0.000170	0.000000	0.000001	0.000001	0.000000	0.000000	0.000000	0.000000	0.000000	0.000000	0.000000	0.000000	0.000000	0.000000	0.000000
46	S	O	0.999852	0.000000	0.000000	0.000106	0.000000	0.000001	0.000001	0.000000	0.000000	0.000000	0.000000	0.000000	0.000000	0.000000	0.000000	0.000000	0.000000	0.000000
47	S	O	0.999894	0.000000	0.000000	0.000065	0.000000	0.000001	0.000001	0.000000	0.000000	0.000000	0.000000	0.000000	0.000000	0.000000	0.000000	0.000000	0.000000	0.000000
48	T	O	0.999921	0.000000	0.000000	0.000039	0.000000	0.000001	0.000001	0.000000	0.000000	0.000000	0.000000	0.000000	0.000000	0.000000	0.000000	0.000000	0.000000	0.000000
49	W	O	0.999940	0.000000	0.000000	0.000023	0.000000	0.000001	0.000001	0.000000	0.000000	0.000000	0.000000	0.000000	0.000000	0.000000	0.000000	0.000000	0.000000	0.000000
50	N	O	0.999950	0.000000	0.000000	0.000014	0.000000	0.000001	0.000002	0.000000	0.000000	0.000000	0.000000	0.000000	0.000000	0.000000	0.000000	0.000000	0.000000	0.000000
51	T	O	0.999955	0.000000	0.000000	0.000008	0.000001	0.000002	0.000002	0.000000	0.000000	0.000000	0.000001	0.000000	0.000000	0.000000	0.000000	0.000000	0.000000	0.000000
52	N	O	0.999954	0.000000	0.000000	0.000005	0.000001	0.000002	0.000002	0.000000	0.000000	0.000000	0.000001	0.000000	0.000000	0.000000	0.000000	0.000000	0.000000	0.000000
53	G	O	0.999960	0.000000	0.000000	0.000003	0.000001	0.000002	0.000003	0.000001	0.000000	0.000001	0.000001	0.000000	0.000000	0.000000	0.000000	0.000000	0.000000	0.000000
54	P	O	0.999955	0.000000	0.000000	0.000002	0.000001	0.000003	0.000003	0.000001	0.000000	0.000001	0.000001	0.000000	0.000000	0.000000	0.000000	0.000000	0.000000	0.000000
55	R	O	0.999957	0.000000	0.000000	0.000001	0.000001	0.000003	0.000004	0.000001	0.000000	0.000001	0.000002	0.000000	0.000000	0.000000	0.000000	0.000000	0.000000	0.000000
56	W	O	0.999954	0.000000	0.000000	0.000001	0.000001	0.000004	0.000005	0.000002	0.000000	0.000001	0.000002	0.000000	0.000000	0.000000	0.000000	0.000001	0.000000	0.000000
57	H	O	0.999951	0.000000	0.000000	0.000000	0.000002	0.000005	0.000006	0.000002	0.000000	0.000002	0.000003	0.000000	0.000000	0.000000	0.000000	0.000001	0.000000	0.000000
58	V	O	0.999949	0.000000	0.000000	0.000000	0.000002	0.000006	0.000008	0.000003	0.000000	0.000003	0.000005	0.000000	0.000000	0.000000	0.000000	0.000001	0.000001	0.000001
59	V	O	0.999949	0.000000	0.000000	0.000000	0.000002	0.000008	0.000009	0.000004	0.000000	0.000004	0.000007	0.000000	0.000000	0.000000	0.000000	0.000001	0.000001	0.000001
60	Q	O	0.999937	0.000000	0.000000	0.000000	0.000002	0.000009	0.000012	0.000005	0.000000	0.000005	0.000009	0.000000	0.000000	0.000000	0.000001	0.000002	0.000001	0.000001
61	T	O	0.999934	0.000000	0.000000	0.000000	0.000003	0.000010	0.000014	0.000007	0.000001	0.000007	0.000012	0.000000	0.000000	0.000000	0.000001	0.000002	0.000001	0.000002
62	L	O	0.999915	0.000000	0.000000	0.000000	0.000003	0.000011	0.000016	0.000008	0.000001	0.000009	0.000016	0.000000	0.000000	0.000001	0.000001	0.000003	0.000002	0.000002
63	M	O	0.999894	0.000000	0.000000	0.000000	0.000003	0.000013	0.000019	0.000011	0.000001	0.000012	0.000022	0.000000	0.000000	0.000001	0.000002	0.000004	0.000003	0.000003
64	N	O	0.999872	0.000000	0.000000	0.000000	0.000003	0.000015	0.000023	0.000013	0.000001	0.000017	0.000031	0.000000	0.000000	0.000001	0.000003	0.000005	0.000004	0.000004
65	S	O	0.999840	0.000000	0.000000	0.000000	0.000002	0.000016	0.000029	0.000016	0.000001	0.000022	0.000045	0.000000	0.000000	0.000002	0.000004	0.000006	0.000005	0.000006
66	G	O	0.999806	0.000000	0.000000	0.000000	0.000002	0.000017	0.000034	0.000018	0.000001	0.000029	0.000064	0.000000	0.000000	0.000002	0.000006	0.000007	0.000007	0.000009
67	L	O	0.999768	0.000000	0.000000	0.000000	0.000000	0.000018	0.000038	0.000013	0.000000	0.000038	0.000083	0.000000	0.000000	0.000004	0.000010	0.000007	0.000009	0.000012
68	D	O	0.999716	0.000000	0.000000	0.000000	0.000000	0.000017	0.000052	0.000000	0.000000	0.000042	0.000123	0.000000	0.000000	0.000007	0.000012	0.000000	0.000017	0.000014
69	V	O	0.999597	0.000000	0.000000	0.000000	0.000000	0.000000	0.000090	0.000000	0.000000	0.000000	0.000209	0.000000	0.000000	0.000000	0.000054	0.000000	0.000000	0.000044
70	L	O	0.999999	0.000000	0.000000	0.000000	0.000000	0.000000	0.000000	0.000000	0.000000	0.000000	0.000000	0.000000	0.000000	0.000000	0.000000	0.000000	0.000000	0.000000
