# Name=pgaptmp_000012
# pos	aa	label	Other	Sec/SPI n	Sec/SPI h	Sec/SPI c	Sec/SPII n	Sec/SPII h	Sec/SPII cys	Tat/SPI n	Tat/SPI RR	Tat/SPI h	Tat/SPI c	Tat/SPII n	Tat/SPII RR	Tat/SPII h	Tat/SPII cys	Sec/SPIII P	Sec/SPIII cons.	Sec/SPIII h
1	M	O	0.992977	0.001694	0.000000	0.000000	0.000678	0.000000	0.000000	0.000000	0.000000	0.000000	0.000000	0.000000	0.000000	0.000000	0.000000	0.004709	0.000000	0.000000
2	I	O	0.992980	0.001589	0.000106	0.000000	0.000576	0.000102	0.000000	0.000000	0.000000	0.000000	0.000000	0.000000	0.000000	0.000000	0.000000	0.003098	0.001611	0.000000
3	N	O	0.992985	0.001397	0.000294	0.000004	0.000428	0.000250	0.000000	0.000000	0.000000	0.000000	0.000000	0.000000	0.000000	0.000000	0.000000	0.001709	0.002165	0.000835
4	W	O	0.993604	0.001010	0.000677	0.000006	0.000235	0.000432	0.000011	0.000000	0.000000	0.000000	0.000000	0.000000	0.000000	0.000000	0.000000	0.000682	0.001963	0.001443
5	K	O	0.994777	0.000688	0.000995	0.000007	0.000128	0.000521	0.000018	0.000000	0.000000	0.000000	0.000000	0.000000	0.000000	0.000000	0.000000	0.000210	0.001397	0.001322
6	L	O	0.995615	0.000141	0.001540	0.000004	0.000028	0.000587	0.000034	0.000000	0.000000	0.000000	0.000000	0.000000	0.000000	0.000000	0.000000	0.000035	0.000662	0.001418
7	L	O	0.996304	0.000025	0.001653	0.000004	0.000007	0.000563	0.000045	0.000000	0.000000	0.000000	0.000000	0.000000	0.000000	0.000000	0.000000	0.000006	0.000183	0.001275
8	L	O	0.996871	0.000004	0.001670	0.000005	0.000002	0.000491	0.000077	0.000000	0.000000	0.000000	0.000000	0.000000	0.000000	0.000000	0.000000	0.000001	0.000047	0.000893
9	A	O	0.997306	0.000001	0.001670	0.000006	0.000001	0.000406	0.000087	0.000000	0.000000	0.000000	0.000000	0.000000	0.000000	0.000000	0.000000	0.000000	0.000012	0.000574
10	A	O	0.997592	0.000000	0.001666	0.000007	0.000000	0.000309	0.000097	0.000000	0.000000	0.000000	0.000000	0.000000	0.000000	0.000000	0.000000	0.000000	0.000003	0.000387
11	G	O	0.997831	0.000000	0.001661	0.000007	0.000000	0.000239	0.000070	0.000000	0.000000	0.000000	0.000000	0.000000	0.000000	0.000000	0.000000	0.000000	0.000001	0.000258
12	L	O	0.997970	0.000000	0.001655	0.000008	0.000000	0.000175	0.000063	0.000000	0.000000	0.000000	0.000000	0.000000	0.000000	0.000000	0.000000	0.000000	0.000000	0.000189
13	L	O	0.998086	0.000000	0.001649	0.000009	0.000000	0.000130	0.000046	0.000000	0.000000	0.000000	0.000000	0.000000	0.000000	0.000000	0.000000	0.000000	0.000000	0.000141
14	L	O	0.998169	0.000000	0.001642	0.000011	0.000000	0.000095	0.000034	0.000000	0.000000	0.000000	0.000000	0.000000	0.000000	0.000000	0.000000	0.000000	0.000000	0.000105
15	T	O	0.998239	0.000000	0.001632	0.000014	0.000000	0.000073	0.000022	0.000000	0.000000	0.000000	0.000000	0.000000	0.000000	0.000000	0.000000	0.000000	0.000000	0.000077
16	I	O	0.998283	0.000000	0.001616	0.000022	0.000000	0.000055	0.000018	0.000000	0.000000	0.000000	0.000000	0.000000	0.000000	0.000000	0.000000	0.000000	0.000000	0.000060
17	T	O	0.998319	0.000000	0.001588	0.000041	0.000000	0.000043	0.000012	0.000000	0.000000	0.000000	0.000000	0.000000	0.000000	0.000000	0.000000	0.000000	0.000000	0.000044
18	A	O	0.998355	0.000000	0.001539	0.000077	0.000000	0.000033	0.000010	0.000000	0.000000	0.000000	0.000000	0.000000	0.000000	0.000000	0.000000	0.000000	0.000000	0.000032
19	L	O	0.998396	0.000000	0.001453	0.000145	0.000000	0.000022	0.000011	0.000000	0.000000	0.000000	0.000000	0.000000	0.000000	0.000000	0.000000	0.000000	0.000000	0.000022
20	S	O	0.998430	0.000000	0.001304	0.000273	0.000000	0.000016	0.000006	0.000000	0.000000	0.000000	0.000000	0.000000	0.000000	0.000000	0.000000	0.000000	0.000000	0.000013
21	I	O	0.998466	0.000000	0.001124	0.000423	0.000000	0.000011	0.000005	0.000000	0.000000	0.000000	0.000000	0.000000	0.000000	0.000000	0.000000	0.000000	0.000000	0.000009
22	V	O	0.998513	0.000000	0.000889	0.000625	0.000000	0.000006	0.000004	0.000000	0.000000	0.000000	0.000000	0.000000	0.000000	0.000000	0.000000	0.000000	0.000000	0.000007
23	V	O	0.998555	0.000000	0.000650	0.000823	0.000000	0.000004	0.000003	0.000000	0.000000	0.000000	0.000000	0.000000	0.000000	0.000000	0.000000	0.000000	0.000000	0.000005
24	R	O	0.998626	0.000000	0.000422	0.000984	0.000000	0.000002	0.000002	0.000000	0.000000	0.000000	0.000000	0.000000	0.000000	0.000000	0.000000	0.000000	0.000000	0.000003
25	F	O	0.998727	0.000000	0.000320	0.000985	0.000000	0.000001	0.000001	0.000000	0.000000	0.000000	0.000000	0.000000	0.000000	0.000000	0.000000	0.000000	0.000000	0.000001
26	Q	O	0.998848	0.000000	0.000252	0.000928	0.000000	0.000000	0.000000	0.000000	0.000000	0.000000	0.000000	0.000000	0.000000	0.000000	0.000000	0.000000	0.000000	0.000001
27	Y	O	0.998967	0.000000	0.000203	0.000863	0.000000	0.000000	0.000000	0.000000	0.000000	0.000000	0.000000	0.000000	0.000000	0.000000	0.000000	0.000000	0.000000	0.000000
28	V	O	0.999075	0.000000	0.000161	0.000797	0.000000	0.000000	0.000000	0.000000	0.000000	0.000000	0.000000	0.000000	0.000000	0.000000	0.000000	0.000000	0.000000	0.000000
29	E	O	0.999180	0.000000	0.000123	0.000734	0.000000	0.000000	0.000000	0.000000	0.000000	0.000000	0.000000	0.000000	0.000000	0.000000	0.000000	0.000000	0.000000	0.000000
30	N	O	0.999264	0.000000	0.000094	0.000674	0.000000	0.000000	0.000000	0.000000	0.000000	0.000000	0.000000	0.000000	0.000000	0.000000	0.000000	0.000000	0.000000	0.000000
31	S	O	0.999349	0.000000	0.000072	0.000614	0.000000	0.000000	0.000000	0.000000	0.000000	0.000000	0.000000	0.000000	0.000000	0.000000	0.000000	0.000000	0.000000	0.000000
32	R	O	0.999423	0.000000	0.000055	0.000556	0.000000	0.000000	0.000000	0.000000	0.000000	0.000000	0.000000	0.000000	0.000000	0.000000	0.000000	0.000000	0.000000	0.000000
33	L	O	0.999485	0.000000	0.000043	0.000502	0.000000	0.000000	0.000000	0.000000	0.000000	0.000000	0.000000	0.000000	0.000000	0.000000	0.000000	0.000000	0.000000	0.000000
34	K	O	0.999547	0.000000	0.000031	0.000457	0.000000	0.000000	0.000000	0.000000	0.000000	0.000000	0.000000	0.000000	0.000000	0.000000	0.000000	0.000000	0.000000	0.000000
35	L	O	0.999604	0.000000	0.000022	0.000408	0.000000	0.000000	0.000000	0.000000	0.000000	0.000000	0.000000	0.000000	0.000000	0.000000	0.000000	0.000000	0.000000	0.000000
36	A	O	0.999666	0.000000	0.000016	0.000352	0.000000	0.000000	0.000000	0.000000	0.000000	0.000000	0.000000	0.000000	0.000000	0.000000	0.000000	0.000000	0.000000	0.000000
37	N	O	0.999716	0.000000	0.000011	0.000303	0.000000	0.000000	0.000000	0.000000	0.000000	0.000000	0.000000	0.000000	0.000000	0.000000	0.000000	0.000000	0.000000	0.000000
38	Q	O	0.999760	0.000000	0.000008	0.000264	0.000000	0.000000	0.000000	0.000000	0.000000	0.000000	0.000000	0.000000	0.000000	0.000000	0.000000	0.000000	0.000000	0.000000
39	S	O	0.999799	0.000000	0.000005	0.000227	0.000000	0.000000	0.000000	0.000000	0.000000	0.000000	0.000000	0.000000	0.000000	0.000000	0.000000	0.000000	0.000000	0.000000
40	L	O	0.999831	0.000000	0.000004	0.000192	0.000000	0.000000	0.000000	0.000000	0.000000	0.000000	0.000000	0.000000	0.000000	0.000000	0.000000	0.000000	0.000000	0.000000
41	S	O	0.999861	0.000000	0.000002	0.000162	0.000000	0.000000	0.000000	0.000000	0.000000	0.000000	0.000000	0.000000	0.000000	0.000000	0.000000	0.000000	0.000000	0.000000
42	A	O	0.999899	0.000000	0.000001	0.000127	0.000000	0.000000	0.000000	0.000000	0.000000	0.000000	0.000000	0.000000	0.000000	0.000000	0.000000	0.000000	0.000000	0.000000
43	E	O	0.999930	0.000000	0.000001	0.000098	0.000000	0.000000	0.000000	0.000000	0.000000	0.000000	0.000000	0.000000	0.000000	0.000000	0.000000	0.000000	0.000000	0.000000
44	R	O	0.999952	0.000000	0.000001	0.000075	0.000000	0.000000	0.000000	0.000000	0.000000	0.000000	0.000000	0.000000	0.000000	0.000000	0.000000	0.000000	0.000000	0.000000
45	D	O	0.999968	0.000000	0.000000	0.000058	0.000000	0.000000	0.000000	0.000000	0.000000	0.000000	0.000000	0.000000	0.000000	0.000000	0.000000	0.000000	0.000000	0.000000
46	A	O	0.999981	0.000000	0.000000	0.000044	0.000000	0.000000	0.000000	0.000000	0.000000	0.000000	0.000000	0.000000	0.000000	0.000000	0.000000	0.000000	0.000000	0.000000
47	A	O	0.999992	0.000000	0.000000	0.000032	0.000000	0.000000	0.000000	0.000000	0.000000	0.000000	0.000000	0.000000	0.000000	0.000000	0.000000	0.000000	0.000000	0.000000
48	R	O	1.000000	0.000000	0.000000	0.000022	0.000000	0.000000	0.000000	0.000000	0.000000	0.000000	0.000000	0.000000	0.000000	0.000000	0.000000	0.000000	0.000000	0.000000
49	A	O	1.000000	0.000000	0.000000	0.000016	0.000000	0.000000	0.000000	0.000000	0.000000	0.000000	0.000000	0.000000	0.000000	0.000000	0.000000	0.000001	0.000000	0.000000
50	Q	O	1.000000	0.000000	0.000000	0.000011	0.000000	0.000000	0.000000	0.000000	0.000000	0.000000	0.000000	0.000000	0.000000	0.000000	0.000000	0.000001	0.000000	0.000000
51	F	O	1.000000	0.000000	0.000000	0.000007	0.000000	0.000000	0.000000	0.000000	0.000000	0.000000	0.000000	0.000000	0.000000	0.000000	0.000000	0.000001	0.000000	0.000000
52	T	O	1.000000	0.000000	0.000000	0.000005	0.000000	0.000000	0.000000	0.000000	0.000000	0.000000	0.000000	0.000000	0.000000	0.000000	0.000000	0.000001	0.000000	0.000000
53	H	O	1.000000	0.000000	0.000000	0.000003	0.000000	0.000000	0.000000	0.000000	0.000000	0.000000	0.000000	0.000000	0.000000	0.000000	0.000000	0.000001	0.000000	0.000001
54	Y	O	1.000000	0.000000	0.000000	0.000002	0.000000	0.000000	0.000000	0.000000	0.000000	0.000000	0.000000	0.000000	0.000000	0.000000	0.000000	0.000001	0.000001	0.000001
55	E	O	1.000000	0.000000	0.000000	0.000002	0.000000	0.000000	0.000000	0.000001	0.000000	0.000000	0.000001	0.000000	0.000000	0.000000	0.000000	0.000002	0.000001	0.000001
56	Q	O	1.000000	0.000000	0.000000	0.000001	0.000000	0.000000	0.000000	0.000001	0.000000	0.000001	0.000001	0.000000	0.000000	0.000000	0.000000	0.000002	0.000001	0.000001
57	A	O	1.000000	0.000000	0.000000	0.000001	0.000000	0.000001	0.000000	0.000001	0.000000	0.000001	0.000001	0.000000	0.000000	0.000000	0.000000	0.000002	0.000001	0.000001
58	V	O	1.000000	0.000000	0.000000	0.000000	0.000000	0.000001	0.000000	0.000001	0.000000	0.000001	0.000001	0.000000	0.000000	0.000000	0.000000	0.000003	0.000001	0.000001
59	D	O	1.000000	0.000000	0.000000	0.000000	0.000001	0.000001	0.000001	0.000002	0.000000	0.000002	0.000002	0.000000	0.000000	0.000000	0.000000	0.000003	0.000002	0.000002
60	I	O	1.000000	0.000000	0.000000	0.000000	0.000001	0.000001	0.000001	0.000003	0.000000	0.000002	0.000002	0.000000	0.000000	0.000000	0.000000	0.000004	0.000002	0.000002
61	F	O	1.000000	0.000000	0.000000	0.000000	0.000001	0.000001	0.000001	0.000004	0.000000	0.000003	0.000003	0.000000	0.000000	0.000000	0.000000	0.000005	0.000002	0.000003
62	N	O	0.999991	0.000000	0.000000	0.000000	0.000001	0.000002	0.000001	0.000005	0.000000	0.000004	0.000005	0.000000	0.000000	0.000000	0.000001	0.000006	0.000003	0.000003
63	T	O	0.999979	0.000000	0.000000	0.000000	0.000001	0.000002	0.000001	0.000006	0.000001	0.000006	0.000007	0.000000	0.000000	0.000001	0.000001	0.000008	0.000004	0.000004
64	I	O	0.999965	0.000000	0.000000	0.000000	0.000001	0.000003	0.000002	0.000007	0.000001	0.000008	0.000010	0.000000	0.000000	0.000001	0.000001	0.000009	0.000005	0.000005
65	A	O	0.999956	0.000000	0.000000	0.000000	0.000001	0.000003	0.000002	0.000007	0.000000	0.000010	0.000014	0.000000	0.000000	0.000001	0.000002	0.000009	0.000007	0.000007
66	G	O	0.999941	0.000000	0.000000	0.000000	0.000000	0.000003	0.000003	0.000005	0.000000	0.000011	0.000019	0.000000	0.000000	0.000002	0.000003	0.000007	0.000008	0.000009
67	A	O	0.999933	0.000000	0.000000	0.000000	0.000000	0.000003	0.000003	0.000003	0.000000	0.000011	0.000024	0.000000	0.000000	0.000002	0.000004	0.000004	0.000009	0.000011
68	T	O	0.999938	0.000000	0.000000	0.000000	0.000000	0.000002	0.000004	0.000000	0.000000	0.000008	0.000028	0.000000	0.000000	0.000001	0.000005	0.000000	0.000008	0.000013
69	Q	O	0.999946	0.000000	0.000000	0.000000	0.000000	0.000000	0.000005	0.000000	0.000000	0.000000	0.000027	0.000000	0.000000	0.000000	0.000007	0.000000	0.000000	0.000015
70	D	O	0.999999	0.000000	0.000000	0.000000	0.000000	0.000000	0.000000	0.000000	0.000000	0.000000	0.000000	0.000000	0.000000	0.000000	0.000000	0.000000	0.000000	0.000000
