# Name=pgaptmp_000013
# pos	aa	label	Other	Sec/SPI n	Sec/SPI h	Sec/SPI c	Sec/SPII n	Sec/SPII h	Sec/SPII cys	Tat/SPI n	Tat/SPI RR	Tat/SPI h	Tat/SPI c	Tat/SPII n	Tat/SPII RR	Tat/SPII h	Tat/SPII cys	Sec/SPIII P	Sec/SPIII cons.	Sec/SPIII h
1	M	O	0.989219	0.008343	0.000000	0.000000	0.000631	0.000000	0.000000	0.000000	0.000000	0.000000	0.000000	0.000000	0.000000	0.000000	0.000000	0.001845	0.000000	0.000000
2	H	O	0.989215	0.007679	0.000664	0.000000	0.000533	0.000098	0.000000	0.000000	0.000000	0.000000	0.000000	0.000000	0.000000	0.000000	0.000000	0.001136	0.000709	0.000000
3	W	O	0.989218	0.005769	0.002569	0.000004	0.000331	0.000300	0.000000	0.000000	0.000000	0.000000	0.000000	0.000000	0.000000	0.000000	0.000000	0.000520	0.000917	0.000409
4	K	O	0.989560	0.004233	0.004095	0.000013	0.000208	0.000418	0.000005	0.000000	0.000000	0.000000	0.000000	0.000000	0.000000	0.000000	0.000000	0.000190	0.000774	0.000545
5	L	O	0.989908	0.000870	0.007455	0.000008	0.000048	0.000561	0.000016	0.000000	0.000000	0.000000	0.000000	0.000000	0.000000	0.000000	0.000000	0.000034	0.000435	0.000705
6	L	O	0.990246	0.000170	0.008147	0.000011	0.000013	0.000569	0.000027	0.000000	0.000000	0.000000	0.000000	0.000000	0.000000	0.000000	0.000000	0.000006	0.000133	0.000715
7	F	O	0.990604	0.000033	0.008274	0.000015	0.000004	0.000522	0.000057	0.000000	0.000000	0.000000	0.000000	0.000000	0.000000	0.000000	0.000000	0.000001	0.000037	0.000501
8	A	O	0.990892	0.000006	0.008289	0.000017	0.000001	0.000454	0.000070	0.000000	0.000000	0.000000	0.000000	0.000000	0.000000	0.000000	0.000000	0.000000	0.000010	0.000304
9	A	O	0.991098	0.000001	0.008282	0.000017	0.000000	0.000377	0.000078	0.000000	0.000000	0.000000	0.000000	0.000000	0.000000	0.000000	0.000000	0.000000	0.000003	0.000190
10	I	O	0.991256	0.000000	0.008270	0.000019	0.000000	0.000304	0.000073	0.000000	0.000000	0.000000	0.000000	0.000000	0.000000	0.000000	0.000000	0.000000	0.000001	0.000123
11	L	O	0.991382	0.000000	0.008255	0.000021	0.000000	0.000239	0.000065	0.000000	0.000000	0.000000	0.000000	0.000000	0.000000	0.000000	0.000000	0.000000	0.000000	0.000085
12	F	O	0.991478	0.000000	0.008236	0.000027	0.000000	0.000187	0.000052	0.000000	0.000000	0.000000	0.000000	0.000000	0.000000	0.000000	0.000000	0.000000	0.000000	0.000062
13	I	O	0.991561	0.000000	0.008210	0.000035	0.000000	0.000147	0.000040	0.000000	0.000000	0.000000	0.000000	0.000000	0.000000	0.000000	0.000000	0.000000	0.000000	0.000046
14	T	O	0.991631	0.000000	0.008173	0.000050	0.000000	0.000118	0.000029	0.000000	0.000000	0.000000	0.000000	0.000000	0.000000	0.000000	0.000000	0.000000	0.000000	0.000034
15	I	O	0.991699	0.000000	0.008108	0.000091	0.000000	0.000094	0.000024	0.000000	0.000000	0.000000	0.000000	0.000000	0.000000	0.000000	0.000000	0.000000	0.000000	0.000026
16	T	O	0.991761	0.000000	0.007961	0.000206	0.000000	0.000077	0.000017	0.000000	0.000000	0.000000	0.000000	0.000000	0.000000	0.000000	0.000000	0.000000	0.000000	0.000020
17	A	O	0.991835	0.000000	0.007673	0.000442	0.000000	0.000062	0.000015	0.000000	0.000000	0.000000	0.000000	0.000000	0.000000	0.000000	0.000000	0.000000	0.000000	0.000014
18	L	O	0.991931	0.000000	0.007163	0.000869	0.000000	0.000045	0.000017	0.000000	0.000000	0.000000	0.000000	0.000000	0.000000	0.000000	0.000000	0.000000	0.000000	0.000010
19	S	O	0.992053	0.000000	0.006360	0.001568	0.000000	0.000034	0.000010	0.000000	0.000000	0.000000	0.000000	0.000000	0.000000	0.000000	0.000000	0.000000	0.000000	0.000006
20	I	O	0.992204	0.000000	0.005308	0.002478	0.000000	0.000025	0.000010	0.000000	0.000000	0.000000	0.000000	0.000000	0.000000	0.000000	0.000000	0.000000	0.000000	0.000004
21	V	O	0.992392	0.000000	0.003831	0.003783	0.000000	0.000016	0.000008	0.000000	0.000000	0.000000	0.000000	0.000000	0.000000	0.000000	0.000000	0.000000	0.000000	0.000003
22	I	O	0.992634	0.000000	0.002487	0.004891	0.000000	0.000010	0.000006	0.000000	0.000000	0.000000	0.000000	0.000000	0.000000	0.000000	0.000000	0.000000	0.000000	0.000002
23	R	O	0.993034	0.000000	0.001447	0.005540	0.000000	0.000004	0.000006	0.000000	0.000000	0.000000	0.000000	0.000000	0.000000	0.000000	0.000000	0.000000	0.000000	0.000001
24	F	O	0.993785	0.000000	0.001096	0.005143	0.000000	0.000002	0.000003	0.000000	0.000000	0.000000	0.000000	0.000000	0.000000	0.000000	0.000000	0.000000	0.000000	0.000001
25	Q	O	0.994632	0.000000	0.000884	0.004510	0.000000	0.000001	0.000001	0.000000	0.000000	0.000000	0.000000	0.000000	0.000000	0.000000	0.000000	0.000000	0.000000	0.000000
26	Y	O	0.995307	0.000000	0.000727	0.003994	0.000000	0.000000	0.000000	0.000000	0.000000	0.000000	0.000000	0.000000	0.000000	0.000000	0.000000	0.000000	0.000000	0.000000
27	V	O	0.995902	0.000000	0.000589	0.003540	0.000000	0.000000	0.000000	0.000000	0.000000	0.000000	0.000000	0.000000	0.000000	0.000000	0.000000	0.000000	0.000000	0.000000
28	E	O	0.996405	0.000000	0.000461	0.003165	0.000000	0.000000	0.000000	0.000000	0.000000	0.000000	0.000000	0.000000	0.000000	0.000000	0.000000	0.000000	0.000000	0.000000
29	N	O	0.996844	0.000000	0.000365	0.002826	0.000000	0.000000	0.000000	0.000000	0.000000	0.000000	0.000000	0.000000	0.000000	0.000000	0.000000	0.000000	0.000000	0.000000
30	V	O	0.997219	0.000000	0.000287	0.002528	0.000000	0.000000	0.000000	0.000000	0.000000	0.000000	0.000000	0.000000	0.000000	0.000000	0.000000	0.000000	0.000000	0.000000
31	R	O	0.997531	0.000000	0.000218	0.002286	0.000000	0.000000	0.000000	0.000000	0.000000	0.000000	0.000000	0.000000	0.000000	0.000000	0.000000	0.000000	0.000000	0.000000
32	L	O	0.997804	0.000000	0.000166	0.002063	0.000000	0.000000	0.000000	0.000000	0.000000	0.000000	0.000000	0.000000	0.000000	0.000000	0.000000	0.000000	0.000000	0.000000
33	K	O	0.998046	0.000000	0.000118	0.001865	0.000000	0.000000	0.000000	0.000000	0.000000	0.000000	0.000000	0.000000	0.000000	0.000000	0.000000	0.000000	0.000000	0.000000
34	L	O	0.998260	0.000000	0.000081	0.001689	0.000000	0.000000	0.000000	0.000000	0.000000	0.000000	0.000000	0.000000	0.000000	0.000000	0.000000	0.000000	0.000000	0.000000
35	A	O	0.998484	0.000000	0.000055	0.001496	0.000000	0.000000	0.000000	0.000000	0.000000	0.000000	0.000000	0.000000	0.000000	0.000000	0.000000	0.000000	0.000000	0.000000
36	N	O	0.998676	0.000000	0.000036	0.001320	0.000000	0.000000	0.000000	0.000000	0.000000	0.000000	0.000000	0.000000	0.000000	0.000000	0.000000	0.000001	0.000000	0.000000
37	Q	O	0.998854	0.000000	0.000023	0.001150	0.000000	0.000000	0.000000	0.000000	0.000000	0.000000	0.000000	0.000000	0.000000	0.000000	0.000000	0.000001	0.000000	0.000000
38	S	O	0.999026	0.000000	0.000015	0.000988	0.000000	0.000000	0.000000	0.000000	0.000000	0.000000	0.000000	0.000000	0.000000	0.000000	0.000000	0.000001	0.000000	0.000000
39	M	O	0.999190	0.000000	0.000010	0.000830	0.000000	0.000000	0.000000	0.000000	0.000000	0.000000	0.000000	0.000000	0.000000	0.000000	0.000000	0.000001	0.000000	0.000000
40	S	O	0.999337	0.000000	0.000006	0.000686	0.000000	0.000000	0.000000	0.000000	0.000000	0.000000	0.000000	0.000000	0.000000	0.000000	0.000000	0.000001	0.000000	0.000000
41	A	O	0.999502	0.000000	0.000004	0.000525	0.000000	0.000000	0.000000	0.000000	0.000000	0.000000	0.000000	0.000000	0.000000	0.000000	0.000000	0.000001	0.000000	0.000000
42	E	O	0.999629	0.000000	0.000003	0.000395	0.000000	0.000000	0.000000	0.000000	0.000000	0.000000	0.000000	0.000000	0.000000	0.000000	0.000000	0.000001	0.000000	0.000000
43	R	O	0.999730	0.000000	0.000002	0.000297	0.000000	0.000000	0.000000	0.000000	0.000000	0.000000	0.000000	0.000000	0.000000	0.000000	0.000000	0.000001	0.000000	0.000001
44	D	O	0.999803	0.000000	0.000001	0.000226	0.000000	0.000000	0.000000	0.000000	0.000000	0.000000	0.000000	0.000000	0.000000	0.000000	0.000000	0.000001	0.000001	0.000001
45	A	O	0.999861	0.000000	0.000001	0.000169	0.000000	0.000000	0.000000	0.000000	0.000000	0.000000	0.000000	0.000000	0.000000	0.000000	0.000000	0.000001	0.000001	0.000001
46	A	O	0.999903	0.000000	0.000001	0.000123	0.000000	0.000000	0.000000	0.000000	0.000000	0.000000	0.000000	0.000000	0.000000	0.000000	0.000000	0.000001	0.000001	0.000001
47	R	O	0.999942	0.000000	0.000000	0.000085	0.000000	0.000000	0.000000	0.000000	0.000000	0.000000	0.000000	0.000000	0.000000	0.000000	0.000000	0.000002	0.000001	0.000001
48	A	O	0.999970	0.000000	0.000000	0.000059	0.000000	0.000001	0.000000	0.000000	0.000000	0.000000	0.000000	0.000000	0.000000	0.000000	0.000000	0.000002	0.000001	0.000001
49	E	O	0.999985	0.000000	0.000000	0.000040	0.000000	0.000001	0.000000	0.000000	0.000000	0.000000	0.000000	0.000000	0.000000	0.000000	0.000000	0.000002	0.000001	0.000001
50	F	O	0.999998	0.000000	0.000000	0.000027	0.000000	0.000001	0.000000	0.000000	0.000000	0.000000	0.000000	0.000000	0.000000	0.000000	0.000000	0.000003	0.000001	0.000001
51	T	O	1.000000	0.000000	0.000000	0.000018	0.000001	0.000001	0.000001	0.000001	0.000000	0.000001	0.000001	0.000000	0.000000	0.000000	0.000000	0.000003	0.000001	0.000002
52	H	O	1.000000	0.000000	0.000000	0.000013	0.000001	0.000001	0.000001	0.000001	0.000000	0.000001	0.000001	0.000000	0.000000	0.000000	0.000000	0.000004	0.000002	0.000002
53	Y	O	1.000000	0.000000	0.000000	0.000009	0.000001	0.000001	0.000001	0.000001	0.000000	0.000001	0.000001	0.000000	0.000000	0.000000	0.000000	0.000005	0.000002	0.000002
54	A	O	1.000000	0.000000	0.000000	0.000006	0.000001	0.000001	0.000001	0.000001	0.000000	0.000001	0.000001	0.000000	0.000000	0.000000	0.000000	0.000005	0.000002	0.000003
55	Q	O	1.000000	0.000000	0.000000	0.000004	0.000001	0.000002	0.000001	0.000002	0.000000	0.000001	0.000002	0.000000	0.000000	0.000000	0.000000	0.000006	0.000003	0.000003
56	A	O	1.000000	0.000000	0.000000	0.000002	0.000001	0.000002	0.000001	0.000003	0.000000	0.000002	0.000002	0.000000	0.000000	0.000000	0.000000	0.000008	0.000003	0.000004
57	I	O	0.999995	0.000000	0.000000	0.000001	0.000002	0.000002	0.000002	0.000004	0.000001	0.000003	0.000003	0.000000	0.000000	0.000000	0.000001	0.000009	0.000004	0.000005
58	D	O	0.999985	0.000000	0.000000	0.000001	0.000002	0.000003	0.000002	0.000006	0.000001	0.000004	0.000004	0.000000	0.000000	0.000001	0.000001	0.000011	0.000005	0.000006
59	I	O	0.999970	0.000000	0.000000	0.000001	0.000002	0.000004	0.000002	0.000008	0.000001	0.000006	0.000006	0.000000	0.000000	0.000001	0.000001	0.000014	0.000006	0.000007
60	F	O	0.999954	0.000000	0.000000	0.000000	0.000003	0.000005	0.000003	0.000011	0.000001	0.000008	0.000008	0.000000	0.000000	0.000001	0.000001	0.000018	0.000008	0.000009
61	N	O	0.999925	0.000000	0.000000	0.000000	0.000003	0.000006	0.000004	0.000015	0.000002	0.000012	0.000012	0.000000	0.000000	0.000001	0.000002	0.000022	0.000010	0.000011
62	T	O	0.999891	0.000000	0.000000	0.000000	0.000003	0.000008	0.000004	0.000020	0.000002	0.000017	0.000018	0.000001	0.000000	0.000002	0.000003	0.000028	0.000013	0.000014
63	I	O	0.999848	0.000000	0.000000	0.000000	0.000003	0.000010	0.000006	0.000024	0.000002	0.000024	0.000027	0.000001	0.000000	0.000003	0.000004	0.000032	0.000017	0.000018
64	A	O	0.999803	0.000000	0.000000	0.000000	0.000003	0.000012	0.000007	0.000028	0.000002	0.000031	0.000040	0.000001	0.000000	0.000004	0.000006	0.000036	0.000022	0.000023
65	G	O	0.999756	0.000000	0.000000	0.000000	0.000002	0.000013	0.000010	0.000029	0.000002	0.000039	0.000055	0.000001	0.000000	0.000005	0.000008	0.000036	0.000028	0.000031
66	A	O	0.999722	0.000000	0.000000	0.000000	0.000001	0.000013	0.000011	0.000025	0.000001	0.000046	0.000071	0.000000	0.000000	0.000006	0.000011	0.000031	0.000033	0.000038
67	T	O	0.999704	0.000000	0.000000	0.000000	0.000000	0.000011	0.000014	0.000015	0.000000	0.000051	0.000092	0.000000	0.000000	0.000007	0.000015	0.000019	0.000037	0.000046
68	Q	O	0.999706	0.000000	0.000000	0.000000	0.000000	0.000008	0.000016	0.000000	0.000000	0.000040	0.000119	0.000000	0.000000	0.000006	0.000020	0.000000	0.000036	0.000055
69	D	O	0.999725	0.000000	0.000000	0.000000	0.000000	0.000000	0.000024	0.000000	0.000000	0.000000	0.000146	0.000000	0.000000	0.000000	0.000035	0.000000	0.000000	0.000073
70	A	O	1.000000	0.000000	0.000000	0.000000	0.000000	0.000000	0.000000	0.000000	0.000000	0.000000	0.000000	0.000000	0.000000	0.000000	0.000000	0.000000	0.000000	0.000000
