# Name=pgaptmp_000012
# pos	aa	label	Other	Sec/SPI n	Sec/SPI h	Sec/SPI c	Sec/SPII n	Sec/SPII h	Sec/SPII cys	Tat/SPI n	Tat/SPI RR	Tat/SPI h	Tat/SPI c	Tat/SPII n	Tat/SPII RR	Tat/SPII h	Tat/SPII cys	Sec/SPIII P	Sec/SPIII cons.	Sec/SPIII h
1	M	O	0.944701	0.025555	0.000000	0.000000	0.005547	0.000000	0.000000	0.018629	0.000000	0.000000	0.000000	0.004628	0.000000	0.000000	0.000000	0.000951	0.000000	0.000000
2	S	O	0.944702	0.024378	0.001177	0.000000	0.004962	0.000585	0.000000	0.017535	0.001080	0.000014	0.000000	0.003830	0.000789	0.000008	0.000000	0.000831	0.000121	0.000000
3	P	O	0.944702	0.022974	0.002388	0.000193	0.004207	0.001340	0.000000	0.017914	0.000681	0.000032	0.000002	0.004026	0.000582	0.000019	0.000000	0.000727	0.000147	0.000077
4	D	O	0.944783	0.021944	0.003031	0.000557	0.003615	0.001923	0.000009	0.017979	0.000582	0.000063	0.000005	0.004057	0.000529	0.000041	0.000000	0.000636	0.000141	0.000117
5	L	O	0.944976	0.020920	0.003652	0.000867	0.003114	0.002400	0.000024	0.017691	0.000800	0.000129	0.000008	0.003950	0.000591	0.000086	0.000000	0.000537	0.000154	0.000114
6	K	O	0.945293	0.019906	0.004298	0.001035	0.002712	0.002760	0.000042	0.015211	0.003122	0.000281	0.000012	0.003082	0.001362	0.000183	0.000000	0.000411	0.000203	0.000101
7	R	O	0.945627	0.017841	0.006130	0.001041	0.002180	0.003088	0.000205	0.001643	0.016412	0.000554	0.000015	0.000959	0.003333	0.000333	0.000001	0.000254	0.000254	0.000146
8	R	O	0.946174	0.014625	0.009084	0.001053	0.001597	0.003332	0.000339	0.007839	0.009985	0.000780	0.000016	0.001607	0.002522	0.000494	0.000002	0.000167	0.000221	0.000177
9	L	O	0.947046	0.008282	0.015290	0.000750	0.000802	0.003821	0.000305	0.012860	0.000418	0.005326	0.000014	0.002773	0.000632	0.001216	0.000003	0.000098	0.000196	0.000183
10	L	O	0.947748	0.004643	0.018697	0.000689	0.000420	0.004077	0.000126	0.001532	0.000221	0.016841	0.000019	0.001182	0.000430	0.003008	0.000002	0.000063	0.000157	0.000158
11	T	O	0.948187	0.002594	0.020485	0.000717	0.000218	0.004195	0.000083	0.000485	0.000099	0.017951	0.000074	0.000666	0.000230	0.003720	0.000003	0.000036	0.000123	0.000147
12	A	O	0.948585	0.001339	0.021502	0.000704	0.000099	0.004192	0.000122	0.000305	0.000059	0.018078	0.000144	0.000403	0.000117	0.004086	0.000010	0.000017	0.000083	0.000167
13	M	O	0.949030	0.000738	0.021812	0.000764	0.000052	0.004058	0.000182	0.000239	0.000049	0.018018	0.000237	0.000254	0.000076	0.004256	0.000020	0.000007	0.000050	0.000171
14	T	O	0.949595	0.000401	0.021750	0.000927	0.000027	0.003928	0.000154	0.000200	0.000037	0.017861	0.000366	0.000166	0.000050	0.004339	0.000031	0.000003	0.000029	0.000149
15	G	O	0.950236	0.000216	0.021450	0.001125	0.000014	0.003759	0.000182	0.000173	0.000026	0.017604	0.000534	0.000113	0.000032	0.004356	0.000055	0.000001	0.000017	0.000118
16	G	O	0.951064	0.000109	0.021065	0.001258	0.000007	0.003523	0.000243	0.000145	0.000023	0.017251	0.000718	0.000073	0.000021	0.004311	0.000095	0.000001	0.000009	0.000097
17	A	O	0.952207	0.000050	0.020662	0.001263	0.000003	0.003287	0.000239	0.000125	0.000020	0.016849	0.000817	0.000047	0.000013	0.004221	0.000123	0.000000	0.000004	0.000076
18	I	O	0.953420	0.000019	0.020196	0.001309	0.000001	0.003056	0.000233	0.000105	0.000020	0.016344	0.000959	0.000030	0.000009	0.004078	0.000164	0.000000	0.000002	0.000061
19	A	O	0.954691	0.000007	0.019483	0.001636	0.000001	0.002817	0.000240	0.000091	0.000018	0.015684	0.001173	0.000020	0.000006	0.003853	0.000237	0.000000	0.000001	0.000050
20	I	O	0.956214	0.000002	0.018677	0.001952	0.000000	0.002450	0.000368	0.000076	0.000019	0.014976	0.001353	0.000013	0.000004	0.003529	0.000332	0.000000	0.000000	0.000042
21	A	O	0.957972	0.000001	0.017531	0.002595	0.000000	0.002105	0.000345	0.000062	0.000020	0.014010	0.001785	0.000009	0.000003	0.003146	0.000389	0.000000	0.000000	0.000033
22	A	O	0.959838	0.000000	0.016056	0.003504	0.000000	0.001688	0.000416	0.000052	0.000019	0.012845	0.002399	0.000006	0.000002	0.002654	0.000496	0.000000	0.000000	0.000025
23	V	O	0.961965	0.000000	0.014230	0.004702	0.000000	0.001367	0.000321	0.000043	0.000017	0.011561	0.003115	0.000004	0.000002	0.002244	0.000412	0.000000	0.000000	0.000020
24	L	O	0.963987	0.000000	0.012075	0.006127	0.000000	0.001064	0.000303	0.000034	0.000016	0.010008	0.004120	0.000003	0.000001	0.001865	0.000381	0.000000	0.000000	0.000016
25	V	O	0.965867	0.000000	0.009080	0.008499	0.000000	0.000831	0.000232	0.000027	0.000015	0.008022	0.005543	0.000002	0.000001	0.001438	0.000428	0.000000	0.000000	0.000012
26	Q	O	0.967984	0.000000	0.005139	0.011670	0.000000	0.000589	0.000242	0.000026	0.000009	0.005686	0.007204	0.000002	0.000001	0.001076	0.000362	0.000000	0.000000	0.000007
27	W	O	0.970601	0.000000	0.002402	0.013372	0.000000	0.000267	0.000322	0.000020	0.000006	0.003969	0.007956	0.000001	0.000001	0.000611	0.000466	0.000000	0.000000	0.000004
28	H	O	0.974084	0.000000	0.000896	0.013238	0.000000	0.000116	0.000151	0.000015	0.000006	0.002118	0.008756	0.000001	0.000001	0.000379	0.000232	0.000000	0.000000	0.000002
29	E	O	0.978341	0.000000	0.000367	0.011632	0.000000	0.000044	0.000072	0.000014	0.000003	0.000912	0.008228	0.000001	0.000000	0.000211	0.000168	0.000000	0.000000	0.000001
30	G	O	0.984232	0.000000	0.000178	0.008848	0.000000	0.000016	0.000028	0.000013	0.000001	0.000423	0.006043	0.000001	0.000000	0.000102	0.000110	0.000000	0.000000	0.000000
31	I	O	0.991075	0.000000	0.000115	0.005224	0.000000	0.000004	0.000012	0.000008	0.000001	0.000252	0.003199	0.000001	0.000000	0.000045	0.000058	0.000000	0.000000	0.000000
32	R	O	0.994301	0.000000	0.000061	0.003510	0.000000	0.000002	0.000003	0.000006	0.000001	0.000110	0.001955	0.000001	0.000000	0.000023	0.000022	0.000000	0.000000	0.000000
33	H	O	0.996718	0.000000	0.000037	0.002159	0.000000	0.000001	0.000001	0.000004	0.000001	0.000058	0.000992	0.000000	0.000000	0.000012	0.000011	0.000000	0.000000	0.000000
34	K	O	0.998043	0.000000	0.000022	0.001347	0.000000	0.000000	0.000000	0.000003	0.000000	0.000029	0.000536	0.000000	0.000000	0.000007	0.000005	0.000000	0.000000	0.000000
35	P	O	0.998767	0.000000	0.000013	0.000888	0.000000	0.000000	0.000000	0.000002	0.000000	0.000015	0.000298	0.000000	0.000000	0.000004	0.000003	0.000000	0.000000	0.000000
36	Y	O	0.999232	0.000000	0.000008	0.000574	0.000000	0.000000	0.000000	0.000002	0.000000	0.000008	0.000159	0.000000	0.000000	0.000002	0.000002	0.000000	0.000000	0.000000
37	K	O	0.999519	0.000000	0.000005	0.000373	0.000000	0.000000	0.000000	0.000001	0.000000	0.000004	0.000087	0.000000	0.000000	0.000001	0.000001	0.000000	0.000000	0.000000
38	D	O	0.999705	0.000000	0.000003	0.000233	0.000000	0.000000	0.000000	0.000001	0.000000	0.000003	0.000043	0.000000	0.000000	0.000001	0.000001	0.000001	0.000000	0.000000
39	G	O	0.999819	0.000000	0.000002	0.000141	0.000000	0.000000	0.000000	0.000001	0.000000	0.000002	0.000021	0.000000	0.000000	0.000001	0.000000	0.000001	0.000000	0.000000
40	G	O	0.999892	0.000000	0.000002	0.000083	0.000000	0.000000	0.000000	0.000002	0.000000	0.000002	0.000010	0.000000	0.000000	0.000000	0.000000	0.000001	0.000000	0.000000
41	Y	O	0.999924	0.000000	0.000001	0.000051	0.000000	0.000000	0.000000	0.000002	0.000000	0.000002	0.000006	0.000000	0.000000	0.000000	0.000000	0.000001	0.000000	0.000000
42	V	O	0.999944	0.000000	0.000001	0.000033	0.000000	0.000000	0.000000	0.000002	0.000000	0.000002	0.000004	0.000000	0.000000	0.000000	0.000000	0.000001	0.000001	0.000001
43	L	O	0.999953	0.000000	0.000001	0.000022	0.000000	0.000001	0.000000	0.000003	0.000000	0.000002	0.000003	0.000000	0.000000	0.000000	0.000000	0.000002	0.000001	0.000001
44	T	O	0.999956	0.000000	0.000000	0.000016	0.000000	0.000001	0.000000	0.000004	0.000000	0.000003	0.000004	0.000000	0.000000	0.000000	0.000000	0.000002	0.000001	0.000001
45	V	O	0.999958	0.000000	0.000000	0.000012	0.000000	0.000001	0.000000	0.000005	0.000000	0.000004	0.000004	0.000000	0.000000	0.000000	0.000000	0.000003	0.000001	0.000001
46	C	O	0.999955	0.000000	0.000000	0.000009	0.000000	0.000001	0.000001	0.000006	0.000000	0.000004	0.000006	0.000000	0.000000	0.000000	0.000001	0.000003	0.000002	0.000002
47	Y	O	0.999955	0.000000	0.000000	0.000006	0.000001	0.000001	0.000001	0.000007	0.000001	0.000005	0.000007	0.000000	0.000000	0.000000	0.000001	0.000004	0.000002	0.000002
48	G	O	0.999947	0.000000	0.000000	0.000005	0.000001	0.000001	0.000001	0.000009	0.000001	0.000006	0.000009	0.000000	0.000000	0.000000	0.000001	0.000005	0.000002	0.000002
49	H	O	0.999945	0.000000	0.000000	0.000003	0.000001	0.000001	0.000001	0.000010	0.000001	0.000007	0.000010	0.000000	0.000000	0.000001	0.000001	0.000007	0.000002	0.000003
50	T	O	0.999936	0.000000	0.000000	0.000002	0.000001	0.000001	0.000001	0.000013	0.000001	0.000008	0.000012	0.000000	0.000000	0.000001	0.000001	0.000008	0.000003	0.000003
51	G	O	0.999924	0.000000	0.000000	0.000002	0.000001	0.000002	0.000001	0.000017	0.000001	0.000010	0.000014	0.000000	0.000000	0.000001	0.000001	0.000010	0.000004	0.000004
52	E	O	0.999908	0.000000	0.000000	0.000001	0.000001	0.000002	0.000001	0.000021	0.000002	0.000013	0.000018	0.000000	0.000000	0.000001	0.000002	0.000012	0.000005	0.000005
53	E	O	0.999891	0.000000	0.000000	0.000001	0.000002	0.000002	0.000001	0.000026	0.000002	0.000018	0.000022	0.000001	0.000000	0.000001	0.000002	0.000015	0.000006	0.000006
54	V	O	0.999864	0.000000	0.000000	0.000001	0.000002	0.000003	0.000002	0.000031	0.000003	0.000024	0.000028	0.000001	0.000000	0.000002	0.000003	0.000018	0.000008	0.000008
55	I	O	0.999830	0.000000	0.000000	0.000000	0.000002	0.000004	0.000002	0.000037	0.000003	0.000029	0.000037	0.000001	0.000000	0.000002	0.000003	0.000022	0.000009	0.000010
56	P	O	0.999797	0.000000	0.000000	0.000000	0.000003	0.000004	0.000002	0.000044	0.000004	0.000033	0.000049	0.000001	0.000000	0.000003	0.000004	0.000027	0.000010	0.000012
57	A	O	0.999759	0.000000	0.000000	0.000000	0.000003	0.000005	0.000003	0.000050	0.000005	0.000040	0.000057	0.000001	0.000000	0.000003	0.000005	0.000033	0.000012	0.000014
58	K	O	0.999717	0.000000	0.000000	0.000000	0.000004	0.000006	0.000004	0.000059	0.000006	0.000046	0.000069	0.000001	0.000000	0.000004	0.000006	0.000042	0.000014	0.000016
59	R	O	0.999659	0.000000	0.000000	0.000000	0.000005	0.000007	0.000004	0.000072	0.000007	0.000056	0.000081	0.000002	0.000001	0.000005	0.000007	0.000053	0.000018	0.000019
60	Y	O	0.999574	0.000000	0.000000	0.000000	0.000006	0.000009	0.000005	0.000090	0.000008	0.000075	0.000097	0.000002	0.000001	0.000006	0.000009	0.000064	0.000025	0.000024
61	T	O	0.999458	0.000000	0.000000	0.000000	0.000008	0.000012	0.000006	0.000112	0.000009	0.000093	0.000132	0.000003	0.000001	0.000008	0.000012	0.000078	0.000033	0.000032
62	D	O	0.999325	0.000000	0.000000	0.000000	0.000009	0.000015	0.000008	0.000132	0.000011	0.000117	0.000168	0.000003	0.000001	0.000011	0.000015	0.000096	0.000041	0.000043
63	E	O	0.999180	0.000000	0.000000	0.000000	0.000009	0.000020	0.000010	0.000155	0.000013	0.000140	0.000211	0.000003	0.000001	0.000014	0.000020	0.000113	0.000054	0.000054
64	E	O	0.999015	0.000000	0.000000	0.000000	0.000009	0.000024	0.000013	0.000175	0.000012	0.000179	0.000255	0.000003	0.000001	0.000017	0.000027	0.000124	0.000073	0.000068
65	C	O	0.998827	0.000000	0.000000	0.000000	0.000006	0.000030	0.000017	0.000168	0.000007	0.000243	0.000320	0.000003	0.000000	0.000023	0.000038	0.000125	0.000096	0.000094
66	L	O	0.998682	0.000000	0.000000	0.000000	0.000003	0.000034	0.000022	0.000120	0.000004	0.000284	0.000421	0.000001	0.000000	0.000030	0.000049	0.000108	0.000117	0.000123
67	A	O	0.998616	0.000000	0.000000	0.000000	0.000000	0.000034	0.000029	0.000063	0.000000	0.000255	0.000550	0.000000	0.000000	0.000033	0.000067	0.000064	0.000134	0.000154
68	L	O	0.998745	0.000000	0.000000	0.000000	0.000000	0.000020	0.000042	0.000000	0.000000	0.000171	0.000593	0.000000	0.000000	0.000026	0.000087	0.000000	0.000119	0.000197
69	L	O	0.999098	0.000000	0.000000	0.000000	0.000000	0.000000	0.000053	0.000000	0.000000	0.000000	0.000504	0.000000	0.000000	0.000000	0.000120	0.000000	0.000000	0.000225
70	D	O	1.000000	0.000000	0.000000	0.000000	0.000000	0.000000	0.000000	0.000000	0.000000	0.000000	0.000000	0.000000	0.000000	0.000000	0.000000	0.000000	0.000000	0.000000
