# Name=pgaptmp_000022
# pos	aa	label	Other	Sec/SPI n	Sec/SPI h	Sec/SPI c	Sec/SPII n	Sec/SPII h	Sec/SPII cys	Tat/SPI n	Tat/SPI RR	Tat/SPI h	Tat/SPI c	Tat/SPII n	Tat/SPII RR	Tat/SPII h	Tat/SPII cys	Sec/SPIII P	Sec/SPIII cons.	Sec/SPIII h
1	M	N	0.000319	0.998414	0.000000	0.000000	0.001199	0.000000	0.000000	0.000000	0.000000	0.000000	0.000000	0.000000	0.000000	0.000000	0.000000	0.000000	0.000000	0.000000
2	K	N	0.000319	0.988749	0.009674	0.000000	0.001169	0.000030	0.000000	0.000000	0.000000	0.000000	0.000000	0.000000	0.000000	0.000000	0.000000	0.000000	0.000000	0.000000
3	K	N	0.000319	0.915693	0.082730	0.000002	0.001000	0.000199	0.000000	0.000000	0.000000	0.000000	0.000000	0.000000	0.000000	0.000000	0.000000	0.000000	0.000000	0.000000
4	Y	N	0.000319	0.859716	0.138696	0.000014	0.000819	0.000380	0.000000	0.000000	0.000000	0.000000	0.000000	0.000000	0.000000	0.000000	0.000000	0.000000	0.000000	0.000000
5	L	N	0.000323	0.837983	0.160406	0.000039	0.000744	0.000453	0.000002	0.000000	0.000000	0.000000	0.000000	0.000000	0.000000	0.000000	0.000000	0.000000	0.000000	0.000000
6	K	N	0.000335	0.823105	0.175248	0.000066	0.000694	0.000496	0.000007	0.000000	0.000000	0.000000	0.000000	0.000000	0.000000	0.000000	0.000000	0.000000	0.000000	0.000000
7	C	N	0.000360	0.806544	0.191783	0.000078	0.000638	0.000541	0.000011	0.000000	0.000000	0.000000	0.000000	0.000000	0.000000	0.000000	0.000000	0.000000	0.000000	0.000000
8	I	N	0.000391	0.791699	0.206598	0.000087	0.000591	0.000577	0.000011	0.000000	0.000000	0.000000	0.000000	0.000000	0.000000	0.000000	0.000000	0.000000	0.000000	0.000000
9	K	N	0.000422	0.777459	0.220810	0.000096	0.000553	0.000602	0.000012	0.000000	0.000000	0.000000	0.000000	0.000000	0.000000	0.000000	0.000000	0.000000	0.000000	0.000000
10	K	N	0.000460	0.749926	0.248326	0.000088	0.000492	0.000644	0.000018	0.000000	0.000000	0.000000	0.000000	0.000000	0.000000	0.000000	0.000000	0.000000	0.000000	0.000000
11	L	N	0.000506	0.650092	0.348150	0.000067	0.000336	0.000784	0.000016	0.000000	0.000000	0.000000	0.000000	0.000000	0.000000	0.000000	0.000000	0.000000	0.000000	0.000000
12	P	N	0.000539	0.588907	0.409323	0.000063	0.000258	0.000848	0.000014	0.000000	0.000000	0.000000	0.000000	0.000000	0.000000	0.000000	0.000000	0.000000	0.000000	0.000000
13	L	N	0.000575	0.458144	0.540077	0.000047	0.000159	0.000927	0.000020	0.000000	0.000000	0.000000	0.000000	0.000000	0.000000	0.000000	0.000000	0.000000	0.000000	0.000000
14	A	N	0.000609	0.368023	0.630197	0.000043	0.000106	0.000967	0.000013	0.000000	0.000000	0.000000	0.000000	0.000000	0.000000	0.000000	0.000000	0.000000	0.000000	0.000000
15	K	N	0.000635	0.296906	0.701299	0.000041	0.000077	0.000974	0.000022	0.000000	0.000000	0.000000	0.000000	0.000000	0.000000	0.000000	0.000000	0.000000	0.000000	0.000000
16	S	H	0.000678	0.072883	0.925322	0.000022	0.000019	0.001019	0.000013	0.000000	0.000000	0.000000	0.000000	0.000000	0.000000	0.000000	0.000000	0.000000	0.000000	0.000000
17	I	H	0.000704	0.009776	0.988425	0.000012	0.000004	0.001026	0.000008	0.000000	0.000000	0.000000	0.000000	0.000000	0.000000	0.000000	0.000000	0.000000	0.000000	0.000000
18	L	H	0.000717	0.002098	0.996094	0.000017	0.000001	0.001018	0.000011	0.000000	0.000000	0.000000	0.000000	0.000000	0.000000	0.000000	0.000000	0.000000	0.000000	0.000000
19	G	H	0.000734	0.000562	0.997615	0.000031	0.000001	0.000995	0.000024	0.000000	0.000000	0.000000	0.000000	0.000000	0.000000	0.000000	0.000000	0.000000	0.000000	0.000000
20	C	H	0.000766	0.000168	0.997973	0.000057	0.000000	0.000891	0.000105	0.000000	0.000000	0.000000	0.000000	0.000000	0.000000	0.000000	0.000000	0.000000	0.000000	0.000000
21	L	H	0.000880	0.000055	0.997995	0.000142	0.000000	0.000845	0.000046	0.000000	0.000000	0.000000	0.000000	0.000000	0.000000	0.000000	0.000000	0.000000	0.000000	0.000000
22	I	H	0.000937	0.000016	0.997782	0.000384	0.000000	0.000804	0.000041	0.000000	0.000000	0.000000	0.000000	0.000000	0.000000	0.000000	0.000000	0.000000	0.000000	0.000000
23	F	H	0.000991	0.000004	0.996991	0.001172	0.000000	0.000763	0.000041	0.000000	0.000000	0.000000	0.000000	0.000000	0.000000	0.000000	0.000000	0.000000	0.000000	0.000000
24	L	H	0.001044	0.000001	0.993900	0.004252	0.000000	0.000712	0.000051	0.000000	0.000000	0.000000	0.000000	0.000000	0.000000	0.000000	0.000000	0.000000	0.000000	0.000000
25	I	H	0.001106	0.000000	0.976753	0.021386	0.000000	0.000649	0.000063	0.000000	0.000000	0.000000	0.000000	0.000000	0.000000	0.000000	0.000000	0.000000	0.000000	0.000000
26	G	H	0.001181	0.000000	0.875168	0.122962	0.000000	0.000521	0.000128	0.000000	0.000000	0.000000	0.000000	0.000000	0.000000	0.000000	0.000000	0.000000	0.000000	0.000000
27	S	H	0.001336	0.000000	0.562625	0.435477	0.000000	0.000367	0.000154	0.000000	0.000000	0.000000	0.000000	0.000000	0.000000	0.000000	0.000000	0.000000	0.000000	0.000000
28	S	C	0.001567	0.000000	0.184894	0.813131	0.000000	0.000285	0.000082	0.000000	0.000000	0.000000	0.000000	0.000000	0.000000	0.000000	0.000000	0.000000	0.000000	0.000000
29	Y	C	0.001824	0.000000	0.043722	0.954119	0.000000	0.000175	0.000111	0.000000	0.000000	0.000000	0.000000	0.000000	0.000000	0.000000	0.000000	0.000000	0.000000	0.000000
30	A	C	0.002330	0.000000	0.001975	0.995478	0.000000	0.000125	0.000050	0.000000	0.000000	0.000000	0.000000	0.000000	0.000000	0.000000	0.000000	0.000000	0.000000	0.000000
31	L	C	0.007934	0.000000	0.000158	0.991734	0.000000	0.000048	0.000077	0.000000	0.000000	0.000000	0.000000	0.000000	0.000000	0.000000	0.000000	0.000000	0.000000	0.000000
32	A	C	0.034759	0.000000	0.000001	0.965145	0.000000	0.000007	0.000041	0.000000	0.000000	0.000000	0.000000	0.000000	0.000000	0.000000	0.000000	0.000000	0.000000	0.000000
33	D	O	0.983494	0.000000	0.000000	0.016452	0.000000	0.000001	0.000006	0.000000	0.000000	0.000000	0.000000	0.000000	0.000000	0.000000	0.000000	0.000000	0.000000	0.000000
34	S	O	0.996031	0.000000	0.000000	0.003927	0.000000	0.000000	0.000001	0.000000	0.000000	0.000000	0.000000	0.000000	0.000000	0.000000	0.000000	0.000000	0.000000	0.000000
35	T	O	0.999070	0.000000	0.000000	0.000893	0.000000	0.000000	0.000000	0.000000	0.000000	0.000000	0.000000	0.000000	0.000000	0.000000	0.000000	0.000000	0.000000	0.000000
36	Y	O	0.999554	0.000000	0.000000	0.000407	0.000000	0.000000	0.000000	0.000000	0.000000	0.000000	0.000000	0.000000	0.000000	0.000000	0.000000	0.000000	0.000000	0.000000
37	Y	O	0.999740	0.000000	0.000000	0.000218	0.000000	0.000000	0.000000	0.000000	0.000000	0.000000	0.000000	0.000000	0.000000	0.000000	0.000000	0.000000	0.000000	0.000000
38	L	O	0.999837	0.000000	0.000000	0.000125	0.000000	0.000000	0.000000	0.000000	0.000000	0.000000	0.000000	0.000000	0.000000	0.000000	0.000000	0.000000	0.000000	0.000000
39	K	O	0.999884	0.000000	0.000000	0.000075	0.000000	0.000000	0.000001	0.000000	0.000000	0.000000	0.000000	0.000000	0.000000	0.000000	0.000000	0.000000	0.000000	0.000000
40	G	O	0.999920	0.000000	0.000000	0.000046	0.000000	0.000001	0.000001	0.000000	0.000000	0.000000	0.000000	0.000000	0.000000	0.000000	0.000000	0.000000	0.000000	0.000000
41	K	O	0.999935	0.000000	0.000000	0.000026	0.000000	0.000001	0.000001	0.000000	0.000000	0.000000	0.000000	0.000000	0.000000	0.000000	0.000000	0.000000	0.000000	0.000000
42	V	O	0.999947	0.000000	0.000000	0.000015	0.000000	0.000001	0.000001	0.000000	0.000000	0.000000	0.000000	0.000000	0.000000	0.000000	0.000000	0.000000	0.000000	0.000000
43	T	O	0.999955	0.000000	0.000000	0.000010	0.000000	0.000001	0.000001	0.000000	0.000000	0.000000	0.000000	0.000000	0.000000	0.000000	0.000000	0.000000	0.000000	0.000000
44	T	O	0.999961	0.000000	0.000000	0.000006	0.000000	0.000001	0.000001	0.000000	0.000000	0.000000	0.000000	0.000000	0.000000	0.000000	0.000000	0.000000	0.000000	0.000000
45	F	O	0.999966	0.000000	0.000000	0.000004	0.000000	0.000002	0.000002	0.000000	0.000000	0.000000	0.000000	0.000000	0.000000	0.000000	0.000000	0.000000	0.000000	0.000000
46	G	O	0.999975	0.000000	0.000000	0.000002	0.000000	0.000002	0.000002	0.000000	0.000000	0.000000	0.000000	0.000000	0.000000	0.000000	0.000000	0.000000	0.000000	0.000000
47	F	O	0.999971	0.000000	0.000000	0.000001	0.000001	0.000002	0.000003	0.000000	0.000000	0.000000	0.000000	0.000000	0.000000	0.000000	0.000000	0.000000	0.000000	0.000000
48	K	O	0.999973	0.000000	0.000000	0.000001	0.000001	0.000002	0.000003	0.000000	0.000000	0.000000	0.000000	0.000000	0.000000	0.000000	0.000000	0.000000	0.000000	0.000000
49	D	O	0.999978	0.000000	0.000000	0.000000	0.000001	0.000003	0.000004	0.000000	0.000000	0.000000	0.000000	0.000000	0.000000	0.000000	0.000000	0.000000	0.000000	0.000000
50	N	O	0.999974	0.000000	0.000000	0.000000	0.000001	0.000003	0.000005	0.000000	0.000000	0.000000	0.000000	0.000000	0.000000	0.000000	0.000000	0.000000	0.000000	0.000000
51	K	O	0.999974	0.000000	0.000000	0.000000	0.000001	0.000003	0.000006	0.000000	0.000000	0.000000	0.000000	0.000000	0.000000	0.000000	0.000000	0.000000	0.000000	0.000000
52	E	O	0.999972	0.000000	0.000000	0.000000	0.000001	0.000004	0.000007	0.000000	0.000000	0.000000	0.000000	0.000000	0.000000	0.000000	0.000000	0.000000	0.000000	0.000000
53	E	O	0.999971	0.000000	0.000000	0.000000	0.000001	0.000005	0.000008	0.000000	0.000000	0.000000	0.000000	0.000000	0.000000	0.000000	0.000000	0.000000	0.000000	0.000000
54	I	O	0.999972	0.000000	0.000000	0.000000	0.000002	0.000006	0.000010	0.000000	0.000000	0.000000	0.000000	0.000000	0.000000	0.000000	0.000000	0.000000	0.000000	0.000000
55	C	O	0.999972	0.000000	0.000000	0.000000	0.000002	0.000008	0.000013	0.000000	0.000000	0.000000	0.000000	0.000000	0.000000	0.000000	0.000000	0.000000	0.000000	0.000000
56	N	O	0.999962	0.000000	0.000000	0.000000	0.000002	0.000009	0.000016	0.000000	0.000000	0.000000	0.000001	0.000000	0.000000	0.000000	0.000000	0.000000	0.000000	0.000000
57	F	O	0.999961	0.000000	0.000000	0.000000	0.000003	0.000011	0.000019	0.000000	0.000000	0.000000	0.000001	0.000000	0.000000	0.000000	0.000000	0.000000	0.000000	0.000000
58	S	O	0.999948	0.000000	0.000000	0.000000	0.000003	0.000013	0.000024	0.000001	0.000000	0.000001	0.000001	0.000000	0.000000	0.000000	0.000000	0.000000	0.000000	0.000000
59	I	O	0.999941	0.000000	0.000000	0.000000	0.000003	0.000015	0.000028	0.000001	0.000000	0.000001	0.000001	0.000000	0.000000	0.000000	0.000000	0.000000	0.000000	0.000000
60	D	O	0.999926	0.000000	0.000000	0.000000	0.000004	0.000018	0.000036	0.000002	0.000000	0.000001	0.000002	0.000000	0.000000	0.000000	0.000000	0.000001	0.000000	0.000000
61	N	O	0.999910	0.000000	0.000000	0.000000	0.000005	0.000021	0.000045	0.000003	0.000000	0.000002	0.000004	0.000000	0.000000	0.000000	0.000001	0.000001	0.000000	0.000000
62	Y	O	0.999885	0.000000	0.000000	0.000000	0.000006	0.000028	0.000057	0.000006	0.000001	0.000004	0.000007	0.000000	0.000000	0.000000	0.000001	0.000002	0.000001	0.000001
63	P	O	0.999825	0.000000	0.000000	0.000000	0.000007	0.000037	0.000082	0.000009	0.000001	0.000008	0.000014	0.000000	0.000000	0.000001	0.000002	0.000004	0.000002	0.000002
64	A	O	0.999774	0.000000	0.000000	0.000000	0.000007	0.000046	0.000093	0.000014	0.000001	0.000014	0.000024	0.000000	0.000000	0.000001	0.000003	0.000006	0.000003	0.000003
65	P	O	0.999677	0.000000	0.000000	0.000000	0.000005	0.000053	0.000140	0.000020	0.000001	0.000024	0.000047	0.000000	0.000000	0.000002	0.000006	0.000009	0.000006	0.000006
66	A	O	0.999571	0.000000	0.000000	0.000000	0.000003	0.000062	0.000156	0.000022	0.000001	0.000040	0.000086	0.000000	0.000000	0.000004	0.000011	0.000011	0.000011	0.000012
67	P	O	0.999367	0.000000	0.000000	0.000000	0.000000	0.000057	0.000247	0.000020	0.000000	0.000056	0.000170	0.000000	0.000000	0.000007	0.000023	0.000011	0.000017	0.000024
68	A	O	0.999248	0.000000	0.000000	0.000000	0.000000	0.000035	0.000270	0.000000	0.000000	0.000063	0.000270	0.000000	0.000000	0.000010	0.000039	0.000000	0.000025	0.000039
69	E	O	0.999166	0.000000	0.000000	0.000000	0.000000	0.000000	0.000237	0.000000	0.000000	0.000000	0.000410	0.000000	0.000000	0.000000	0.000106	0.000000	0.000000	0.000079
70	N	O	1.000000	0.000000	0.000000	0.000000	0.000000	0.000000	0.000000	0.000000	0.000000	0.000000	0.000000	0.000000	0.000000	0.000000	0.000000	0.000000	0.000000	0.000000
